0	1185982	abante		0
0	1185982	absque		0
0	1185982	adhic		0
0	1185982	adque		0
0	1185982	alid		0
0	1185982	aliquidquisquam	0
0	1185982	aliquodquidam	0
0	1185982	annon		0
0	1185982	aput		0
0	1185982	ateque		0
0	1185982	cata		0
0	1185982	cuicui		0
0	1185982	cuiuscuius	0
0	1185982	earundem	0
0	1185982	hii		0
0	1185982	istaista	0
0	1185982	meamet		0
0	1185982	necque		0
0	1185982	neminis		0
0	1185982	nonnisi		0
0	1185982	quaequae	0
0	1185982	quaevis		0
0	1185982	qualarum	0
0	1185982	qualium		0
0	1185982	quaqua		0
0	1185982	quarumquarum	0
0	1185982	quasquas	0
0	1185982	quemquem	0
0	1185982	quibusquibus	0
0	1185982	quiddamquisque	0
0	1185982	quidlibetquispiam		0
0	1185982	quidpiamquicumque		0
0	1185982	quidquamquidam	0
0	1185982	quidqueunusquisque		0
0	1185982	quidquidqui	0
0	1185982	quidquidquis	0
0	1185982	quidvisquilibet	0
0	1185982	quilibet	0
0	1185982	quiquam		0
0	1185982	quiqui		0
0	1185982	quodaliquis	0
0	1185982	quodcumquequisquis		0
0	1185982	quoddamquisque	0
0	1185982	quodlibetquispiam		0
0	1185982	quodpiamquicumque		0
0	1185982	quodquam	0
0	1185982	quodqueunusquisque		0
0	1185982	quodvisquilibet	0
0	1185982	quorumquorum	0
0	1185982	quosquos	0
0	1185982	sapsa		0
0	1185982	semet		0
0	1185982	semetipse	0
0	1185982	sive		0
0	1185982	suamet		0
0	1185982	tibimet		0
0	1185982	tue		0
0	1185982	tutemet		0
0	1185982	unaquaeque	0
0	1185982	unicuique	0
0	1185982	unumquidquequivis		0
0	1185982	unumquodquequivis		0
0	1185982	unusquisque	0
0	1185982	uoster		0
0	1185982	uostram		0
0	1185982	uostrarum	0
0	1185982	uostras		0
0	1185982	uostris		0
0	1185982	uostro		0
0	1185982	uostrorum	0
0	1185982	uostros		0
0	1185982	utrumnam	0
1	1185982	aliquibus	.00008431831174503400
1	1185982	eorundem	.00008431831174503400
1	1185982	iuxta		.00008431831174503400
1	1185982	meme		.00008431831174503400
1	1185982	nemine		.00008431831174503400
1	1185982	qualibus	.00008431831174503400
1	1185982	quantumuis	.00008431831174503400
1	1185982	quarundam	.00008431831174503400
1	1185982	quorundam	.00008431831174503400
1	1185982	tete		.00008431831174503400
1	1185982	uniuscuiusque	.00008431831174503400
1	1185982	uostrae		.00008431831174503400
1	1185982	uostri		.00008431831174503400
2	1185982	aliquarum	.00016863662349006900
2	1185982	necdum		.00016863662349006900
2	1185982	prout		.00016863662349006900
2	1185982	quidpiam	.00016863662349006900
3	1185982	fio		.00025295493523510400
3	1185982	quaepiam	.00025295493523510400
3	1185982	quidquam	.00025295493523510400
3	1185982	quodpiam	.00025295493523510400
3	1185982	unumquemque	.00025295493523510400
4	1185982	donec		.00033727324698013900
4	1185982	quaelibet	.00033727324698013900
5	1185982	circa		.00042159155872517400
5	1185982	cuiusuis	.00042159155872517400
5	1185982	dummodo		.00042159155872517400
5	1185982	quominus	.00042159155872517400
6	1185982	memet		.00050590987047020900
7	1185982	aliarum		.00059022818221524400
7	1185982	nihili		.00059022818221524400
7	1185982	pone		.00059022818221524400
7	1185982	quoscumque	.00059022818221524400
7	1185982	uerumtamen	.00059022818221524400
7	1185982	uestrarum	.00059022818221524400
8	1185982	uobismet	.00067454649396027900
9	1185982	aliquae		.00075886480570531400
9	1185982	iisdem		.00075886480570531400
9	1185982	istarum		.00075886480570531400
9	1185982	priusquam	.00075886480570531400
9	1185982	quinam		.00075886480570531400
9	1185982	quoquam		.00075886480570531400
10	1185982	ast		.00084318311745034900
11	1185982	cis		.00092750142919538400
12	1185982	mihimet		.00101181974094041800
12	1185982	quali		.00101181974094041800
12	1185982	quisnam		.00101181974094041800
13	1185982	aliquorum	.00109613805268545300
13	1185982	quemcumque	.00109613805268545300
13	1185982	super		.00109613805268545300
14	1185982	quisquis	.00118045636443048800
14	1185982	subter		.00118045636443048800
15	1185982	iidem		.00126477467617552300
16	1185982	circiter	.00134909298792055800
16	1185982	nobismet	.00134909298792055800
16	1185982	suus		.00134909298792055800
17	1185982	quempiam	.00143341129966559300
17	1185982	trans		.00143341129966559300
18	1185982	ecquis		.00151772961141062800
19	1185982	cuidam		.00160204792315566300
20	1185982	aliquas		.00168636623490069800
20	1185982	illic		.00168636623490069800
20	1185982	nostrarum	.00168636623490069800
20	1185982	seu		.00168636623490069800
20	1185982	uosmet		.00168636623490069800
21	1185982	antequam	.00177068454664573300
21	1185982	infra		.00177068454664573300
22	1185982	dextra		.00185500285839076800
22	1185982	egomet		.00185500285839076800
24	1185982	illarum		.00202363948188083700
24	1185982	ipsarum		.00202363948188083700
25	1185982	mox		.00210795779362587200
25	1185982	ultra		.00210795779362587200
26	1185982	qualia		.00219227610537090700
28	1185982	uestras		.00236091272886097700
28	1185982	utrisque	.00236091272886097700
30	1185982	quispiam	.00252954935235104700
31	1185982	quodcumque	.00261386766409608200
31	1185982	quomodo		.00261386766409608200
32	1185982	quidquid	.00269818597584111700
33	1185982	istae		.00278250428758615200
33	1185982	quippiam	.00278250428758615200
34	1185982	intra		.00286682259933118700
34	1185982	uestrorum	.00286682259933118700
35	1185982	aliquos		.00295114091107622200
36	1185982	quiuis		.00303545922282125600
38	1185982	istas		.00320409584631132600
40	1185982	alicui		.00337273246980139600
40	1185982	circum		.00337273246980139600
41	1185982	eidem		.00345705078154643100
42	1185982	cuiusdam	.00354136909329146600
42	1185982	quasdam		.00354136909329146600
44	1185982	interim		.00371000571678153600
44	1185982	quales		.00371000571678153600
44	1185982	uestros		.00371000571678153600
45	1185982	istud		.00379432402852657100
46	1185982	ipsas		.00387864234027160600
46	1185982	namque		.00387864234027160600
46	1185982	qualem		.00387864234027160600
47	1185982	mearum		.00396296065201664100
47	1185982	postquam	.00396296065201664100
48	1185982	tute		.00404727896376167500
49	1185982	utrique		.00413159727550671000
50	1185982	aliqui		.00421591558725174500
51	1185982	illas		.00430023389899678000
51	1185982	tuarum		.00430023389899678000
51	1185982	uester		.00430023389899678000
53	1185982	nosmet		.00446887052248685000
54	1185982	quicumque	.00455318883423188500
56	1185982	suarum		.00472182545772195500
58	1185982	utraque		.00489046208121202500
59	1185982	ipsae		.00497478039295706000
60	1185982	quoquo		.00505909870470209400
61	1185982	eisdem		.00514341701644712900
62	1185982	harum		.00522773532819216400
62	1185982	neue		.00522773532819216400
67	1185982	necne		.00564932688691733900
68	1185982	hae		.00573364519866237400
71	1185982	istos		.00598660013389747900
71	1185982	quidnam		.00598660013389747900
72	1185982	quaecumque	.00607091844564251300
75	1185982	aliae		.00632387338087761800
77	1185982	nostras		.00649251000436768800
77	1185982	quosdam		.00649251000436768800
80	1185982	eosdem		.00674546493960279300
80	1185982	ipsorum		.00674546493960279300
83	1185982	nostrorum	.00699841987483789800
84	1185982	nullius		.00708273818658293200
85	1185982	meos		.00716705649832796700
89	1185982	cuiusquam	.00750432974530810700
90	1185982	quoddam		.00758864805705314200
93	1185982	alium		.00784160299228824700
93	1185982	uestram		.00784160299228824700
95	1185982	ni		.00801023961577831700
100	1185982	uestri		.00843183117450349100
100	1185982	uterque		.00843183117450349100
101	1185982	illae		.00851614948624852600
101	1185982	sub		.00851614948624852600
102	1185982	haud		.00860046779799356100
102	1185982	istorum		.00860046779799356100
105	1185982	aliam		.00885342273322866600
106	1185982	prae		.00893774104497370100
106	1185982	supra		.00893774104497370100
107	1185982	eae		.00902205935671873600
110	1185982	alius		.00927501429195384000
111	1185982	uestro		.00935933260369887500
112	1185982	tuos		.00944365091544391000
114	1185982	aliorum		.00961228753893398000
114	1185982	quendam		.00961228753893398000
115	1185982	etiamsi		.00969660585067901500
116	1185982	alicuius	.00978092416242405000
116	1185982	meas		.00978092416242405000
117	1185982	uestrae		.00986524247416908500
119	1185982	aliquis		.01003387909765915500
119	1185982	nihilo		.01003387909765915500
123	1185982	meorum		.01037115234463929400
124	1185982	extra		.01045547065638432900
127	1185982	quibusdam	.01070842559161943400
127	1185982	tuorum		.01070842559161943400
128	1185982	tametsi		.01079274390336446900
129	1185982	eundem		.01087706221510950400
130	1185982	cuiquam		.01096138052685453900
132	1185982	atqui		.01113001715034460800
135	1185982	utrumque	.01138297208557971300
138	1185982	quiddam		.01163592702081481800
140	1185982	que		.01180456364430488800
145	1185982	eandem		.01222615520303006200
145	1185982	nemini		.01222615520303006200
146	1185982	quale		.01231047351477509700
151	1185982	alias		.01273206507350027200
151	1185982	palam		.01273206507350027200
160	1185982	qualis		.01349092987920558600
161	1185982	quandam		.01357524819095062100
169	1185982	laude		.01424979468491090000
170	1185982	uestris		.01433411299665593500
171	1185982	cuiusque	.01441843130840097000
176	1185982	istis		.01484002286712614500
179	1185982	has		.01509297780236125000
185	1185982	nostros		.01559888767283145900
190	1185982	quemquam	.01602047923155663400
192	1185982	ipsos		.01618911585504670300
194	1185982	nostram		.01635775247853677300
195	1185982	suos		.01644207079028180800
197	1185982	quaeque		.01661070741377187800
198	1185982	eiusdem		.01669502572551691300
199	1185982	uestrum		.01677934403726194800
202	1185982	quarum		.01703229897249705300
204	1185982	istam		.01720093559598712200
207	1185982	quicquid	.01745389053122222700
210	1185982	hos		.01770684546645733200
212	1185982	aliquem		.01787548208994740200
216	1185982	hi		.01821275533692754100
220	1185982	illorum		.01855002858390768100
221	1185982	quadam		.01863434689565271600
223	1185982	sicut		.01880298351914278600
224	1185982	illos		.01888730183088782100
228	1185982	meus		.01922457507786796000
230	1185982	mi		.01939321170135803000
232	1185982	aliquam		.01956184832484810000
234	1185982	quando		.01973048494833817000
236	1185982	alios		.01989912157182824000
241	1185982	ipsam		.02032071313055341400
242	1185982	nostrae		.02040503144229844900
243	1185982	tuus		.02048934975404348400
248	1185982	alio		.02091094131276865900
251	1185982	earum		.02116389624800376300
255	1185982	ii		.02150116949498390300
256	1185982	quodam		.02158548780672893800
261	1185982	quare		.02200707936545411300
261	1185982	quidam		.02200707936545411300
261	1185982	sese		.02200707936545411300
265	1185982	unus		.02234435261243425200
267	1185982	quisque		.02251298923592432200
269	1185982	aliquo		.02268162585941439200
270	1185982	tuas		.02276594417115942700
274	1185982	uestra		.02310321741813956700
276	1185982	prope		.02327185404162963600
280	1185982	isti		.02360912728860977600
284	1185982	nostro		.02394640053558991600
295	1185982	noster		.02487390196478530000
296	1185982	istum		.02495822027653033500
303	1185982	quisquam	.02554844845874557900
306	1185982	horum		.02580140339398068400
310	1185982	neminem		.02613867664096082400
315	1185982	isto		.02656026819968599800
323	1185982	ipsius		.02723481469364627700
332	1185982	alii		.02799367949935159200
335	1185982	mei		.02824663443458669600
337	1185982	ipsis		.02841527105807676600
339	1185982	meis		.02858390768156683600
353	1185982	meae		.02976436404599732500
373	1185982	eas		.03145073028089802300
373	1185982	sui		.03145073028089802300
375	1185982	possum		.03161936690438809300
395	1185982	aliis		.03330573313928879100
400	1185982	istius		.03372732469801396600
407	1185982	aliqua		.03431755288022921000
408	1185982	tuam		.03440187119197424500
410	1185982	utrum		.03457050781546431500
414	1185982	etenim		.03490778106244445500
424	1185982	nostris		.03575096417989480400
424	1185982	tui		.03575096417989480400
430	1185982	dum		.03625687405036501300
439	1185982	nullo		.03701573885607032800
445	1185982	praeter		.03752164872654053700
450	1185982	nostrum		.03794324028526571200
469	1185982	meum		.03954528820842137500
470	1185982	tuae		.03962960652016641000
472	1185982	tuo		.03979824314365648000
478	1185982	nostri		.04030415301412668900
484	1185982	siue		.04081006288459689900
489	1185982	quicquam	.04123165444332207400
519	1185982	eodem		.04376120379567312100
526	1185982	etsi		.04435143197788836500
526	1185982	meo		.04435143197788836500
529	1185982	eis		.04460438691312347000
536	1185982	illis		.04519461509533871500
545	1185982	ubi		.04595347990104402900
547	1185982	illius		.04612211652453409900
547	1185982	quaedam		.04612211652453409900
556	1185982	tuis		.04688098133023941300
557	1185982	iste		.04696529964198444800
570	1185982	es		.04806143769466990200
578	1185982	illam		.04873598418863018100
600	1185982	eadem		.05059098704702094900
612	1185982	aliud		.05160280678796136800
635	1185982	quamquam	.05354212795809717100
654	1185982	alia		.05514417588125283500
654	1185982	ipso		.05514417588125283500
655	1185982	nostra		.05522849419299787000
665	1185982	ergo		.05607167731044821900
672	1185982	o		.05666190549266346300
687	1185982	huic		.05792668016883898700
688	1185982	ipsi		.05801099848058402200
695	1185982	ob		.05860122666279926600
727	1185982	sum		.06129941263864038400
748	1185982	post		.06307009718528611700
766	1185982	quorum		.06458782679669674500
771	1185982	uobis		.06500941835542192000
795	1185982	inter		.06703305783730275800
798	1185982	hunc		.06728601277253786300
810	1185982	cur		.06829783251347828200
815	1185982	quia		.06871942407220345600
816	1185982	huius		.06880374238394849100
837	1185982	nemo		.07057442693059422400
841	1185982	quas		.07091170017757436400
847	1185982	ista		.07141761004804457400
850	1185982	illo		.07167056498327967800
874	1185982	nulla		.07369420446516051600
874	1185982	propter		.07369420446516051600
897	1185982	cui		.07563352563529631900
906	1185982	hac		.07639239044100163400
911	1185982	mea		.07681398199972680800
925	1185982	deinde		.07799443836415729700
950	1185982	hanc		.08010239615778317000
973	1185982	illum		.08204171732791897300
1004	1185982	ipsum		.08465558499201505500
1006	1185982	illi		.08482422161550512500
1006	1185982	quoniam		.08482422161550512500
1006	1185982	uos		.08482422161550512500
1013	1185982	magis		.08541444979772037000
1040	1185982	eorum		.08769104421483631200
1044	1185982	quasi		.08802831746181645200
1061	1185982	eam		.08946172876148204600
1066	1185982	ipsa		.08988332032020722000
1077	1185982	contra		.09081082174940260400
1097	1185982	ei		.09249718798430330300
1098	1185982	cuius		.09258150629604833800
1121	1185982	eos		.09452082746618414100
1125	1185982	aliquid		.09485810071316428000
1126	1185982	apud		.09494241902490931500
1149	1185982	sibi		.09688174019504511800
1162	1185982	idem		.09797787824773057200
1184	1185982	quos		.09983288110612134000
1227	1185982	at		.10345856851115784200
1257	1185982	hic		.10598811786350888900
1271	1185982	his		.10716857422793937800
1301	1185982	quis		.10969812358029042500
1404	1185982	ante		.11838290969002902200
1407	1185982	e		.11863586462526412700
1428	1185982	an		.12040654917190986000
1442	1185982	nobis		.12158700553634034900
1465	1185982	pro		.12352632670647615200
1602	1185982	sine		.13507793541554593500
1604	1185982	is		.13524657203903600500
1633	1185982	ipse		.13769180307964201800
1648	1185982	uel		.13895657775581754100
1732	1185982	illud		.14603931594240047400
1739	1185982	sic		.14662954412461571900
1750	1185982	nos		.14755704555381110300
1760	1185982	per		.14840022867126145200
1782	1185982	eum		.15025523152965222000
1917	1185982	illa		.16163820361523193400
1926	1185982	tam		.16239706842093724800
2002	1185982	nisi		.16880526011355990200
2004	1185982	ille		.16897389673704997200
2174	1185982	igitur		.18330800973370590700
2268	1185982	quibus		.19123393103773918900
2271	1185982	eo		.19148688597297429400
2273	1185982	qua		.19165552259646436400
2387	1185982	uero		.20126781013539834500
2397	1185982	eius		.20211099325284869400
2418	1185982	quem		.20388167779949442700
2544	1185982	nam		.21450578507936882600
2638	1185982	re		.22243170638340210800
2644	1185982	tibi		.22293761625387231800
2680	1185982	iam		.22597307547669357500
2711	1185982	tu		.22858694314078965700
2947	1185982	tum		.24848606471261789800
2960	1185982	ac		.24958220276530335100
2968	1185982	modo		.25025674925926363100
3038	1185982	ita		.25615903108141607500
3081	1185982	haec		.25978471848645257600
3082	1185982	ea		.25986903679819761100
3198	1185982	neque		.26964996096062166200
3220	1185982	ab		.27150496381901243000
3242	1185982	ego		.27335996667740319800
3278	1185982	nec		.27639542590022445500
3749	1185982	ne		.31610935073213590000
3751	1185982	tamen		.31627798735562597000
3987	1185982	nihil		.33617710892745421000
4039	1185982	quidem		.34056166113819602600
4177	1185982	quo		.35219758815901084500
4196	1185982	autem		.35379963608216650800
4273	1185982	se		.36029214608653419600
4414	1185982	mihi		.37218102804258412000
4677	1185982	id		.39435674403152830300
5147	1185982	atque		.43398635055169471300
5534	1185982	hoc		.46661753719702322600
5561	1185982	etiam		.46889413161413916900
5690	1185982	ex		.47977119382924867300
6192	1185982	te		.52209898632525620100
6273	1185982	me		.52892876957660402900
6433	1185982	quid		.54241969945580961500
6646	1185982	enim		.56037949985750205300
6905	1185982	a		.58221794259946609600
7306	1185982	aut		.61602958560922509700
7989	1185982	quam		.67361899253108394500
8224	1185982	quae		.69343379579116715000
8573	1185982	de		.72286088659018433600
8925	1185982	sed		.75254093232443662700
9875	1185982	qui		.83264332848221979700
9978	1185982	si		.84132811459195839300
10442	1185982	ad		.88045181124165459500
11185	1185982	quod		.94310031686821553700
12460	1185982	cum		1.05060616434313505600
14857	1185982	ut		1.25271715759598375000
15811	1185982	est		1.33315682700074706000
18633	1185982	non		1.57110310274523559300
23980	1185982	in		2.02195311564593729000
27856	1185982	et		2.34877089196969262600
